Best parameters:
  erode_amount: 5
  dilate_amount: 4
  gaussian_blur_kernel_size: 5
  erode_kernel_size: 5
  dilate_kernel_size: 5
  history: 291
  var_threshold: 6.492900004800566
  erode_before_dilate: False
  alpha: 0.31911100999278286
  beta: -13.998842440102447
Best MSE: 0.036603
