Best parameters:
  erode_amount: 3
  dilate_amount: 2
  gaussian_blur_kernel_size: 3
  erode_kernel_size: 7
  dilate_kernel_size: 9
  history: 957
  var_threshold: 38.721913628824524
  erode_before_dilate: False
  alpha: 0.870388595384247
  beta: 9.413143069981738
Best MSE: 0.037276
